39.64010025062657
39.96666666666667
40.21453634085213
40.064661654135335
39.85363408521303
39.99674185463659
39.98045112781955
39.982205513784464
39.91453634085213
39.9734335839599
39.84461152882206
39.92556390977444
39.998997493734336
40.104260651629076
39.92155388471178
39.96390977443609
39.85037593984963
39.99624060150376
40.03659147869674
40.098496240601506
40.202756892230575
39.90526315789474
39.854887218045114
39.96892230576441
39.94185463659148
40.04160401002506
39.861152882205516
40.1406015037594
39.943358395989975
40.07769423558897
40.021303258145366
39.863659147869676
39.85563909774436
39.7531328320802
40.13583959899749
39.90902255639098
39.80952380952381
40.12756892230576
40.18045112781955
40.15764411027569
39.91528822055138
40.18270676691729
40.277694235588974
39.82857142857143
39.90501253132832
39.99624060150376
40.24636591478697
39.99072681704261
40.05438596491228
39.910526315789475
39.976190476190474
40.040350877192985
39.98145363408521
40.151127819548876
39.91954887218045
39.68872180451128
39.99248120300752
39.74335839598997
40.06065162907268
39.940350877192984
39.993233082706766
39.769172932330825
40.285964912280704
39.959899749373434
40.1859649122807
39.99122807017544
40.13558897243108
40.32781954887218
39.58847117794486
40.169172932330824
39.96416040100251
39.940852130325815
40.106015037593984
39.86441102756892
40.28796992481203
40.150375939849624
39.99774436090225
40.078696741854635
40.28195488721804
39.79874686716792
39.72205513784461
40.06265664160401
39.85839598997494
39.993483709273185
39.888220551378446
40.009022556390974
39.9749373433584
39.61002506265664
39.97167919799499
39.91102756892231
40.09974937343358
40.015037593984964
40.01679197994987
39.77142857142857
40.01954887218045
40.07167919799499
39.96390977443609
40.06065162907268
40.02205513784461
40.06641604010025
40.017293233082704
39.918796992481205
39.87919799498747
39.92982456140351
40.004010025062655
40.08345864661654
40.23182957393484
39.8531328320802
39.88295739348371
39.957142857142856
40.06691729323308
39.99924812030075
40.21829573934837
40.12731829573935
40.16541353383459
39.56917293233083
40.051629072681706
40.00350877192982
40.095989974937346
39.71553884711779
40.23358395989975
39.66766917293233
39.979448621553885
40.166917293233084
39.954385964912284
39.89874686716792
39.69072681704261
39.986967418546364
40.10225563909774
40.10576441102757
39.99122807017544
40.265664160401
39.9593984962406
40.04486215538847
39.888471177944865
39.840852130325814
40.04812030075188
39.733082706766915
39.82005012531328
39.993233082706766
39.88170426065163
40.09924812030075
40.11353383458647
40.055889724310774
40.23007518796992
39.96365914786968
40.14887218045113
40.02456140350877
40.00200501253133
40.117543859649125
39.83984962406015
40.05137844611529
40.045363408521304
40.06140350877193
39.833082706766916
40.14912280701754
40.03157894736842
39.998997493734336
39.85263157894737
40.20802005012531
39.81278195488722
39.756140350877196
39.91528822055138
39.82255639097745
40.067919799498746
39.97293233082707
39.6187969924812
40.20200501253133
39.87568922305764
40.365413533834584
40.33057644110276
40.33859649122807
39.957393483709275
40.200250626566415
39.89749373433584
40.175438596491226
40.04887218045113
40.152882205513784
39.84862155388471
39.90075187969925
39.79899749373433
39.9749373433584
39.6077694235589
39.85889724310777
39.865413533834584
40.08671679197995
39.71528822055138
39.73934837092732
39.8593984962406
40.205263157894734
40.29874686716792
39.85288220551379
40.07769423558897
40.23934837092732
40.2062656641604
39.75112781954887
39.811027568922306
40.24636591478697
40.00927318295739
39.95914786967418
40.09699248120301
40.25513784461153
40.029323308270676
39.99749373433584
39.82280701754386
39.82130325814536
39.832581453634084
40.13208020050126
39.995989974937345
39.841604010025065
39.97268170426065
39.81278195488722
39.82255639097745
40.06265664160401
40.19498746867168
39.8984962406015
40.16340852130326
39.87067669172932
39.979448621553885
40.05513784461153
40.023558897243106
39.68471177944862
39.88646616541353
40.260902255639095
40.17744360902255
39.91478696741854
39.830827067669176
40.03809523809524
39.92230576441103
39.73132832080201
39.91228070175438
39.96340852130326
39.91528822055138
40.037593984962406
40.11654135338346
39.8280701754386
40.05288220551378
39.96892230576441
40.10827067669173
40.0390977443609
39.664912280701756
40.040350877192985
39.60225563909774
40.24260651629073
39.88345864661654
40.08220551378446
40.09498746867168
39.9218045112782
39.92531328320802
40.08997493734336
40.08872180451128
39.89874686716792
39.967919799498745
40.07418546365915
39.7406015037594
40.15664160401003
40.04937343358396
40.42205513784461
40.00451127819549
39.99298245614035
40.23859649122807
39.86917293233083
40.13734335839599
40.24110275689223
40.341353383458646
40.04912280701755
39.91353383458647
39.87644110275689
39.96741854636591
40.07744360902256
39.9749373433584
39.871929824561406
40.0250626566416
40.09874686716792
39.7265664160401
39.94486215538847
40.0734335839599
39.77944862155388
39.65162907268171
40.20250626566416
39.962155388471174
40.24812030075188
39.973684210526315
39.86691729323308
40.01854636591479
39.98922305764411
39.862907268170424
40.0874686716792
40.13157894736842
40.14736842105263
39.976441102756894
39.9
40.25488721804511
39.962155388471174
40.10275689223057
39.76516290726817
39.96265664160401
40.001002506265664
39.940350877192984
40.219298245614034
39.93032581453634
40.20952380952381
39.848872180451124
39.89473684210526
39.766917293233085
40.070426065162906
39.824561403508774
39.772431077694236
39.9749373433584
40.19398496240601
40.22531328320802
40.04987468671679
39.833082706766916
39.72631578947368
40.22581453634085
39.82606516290727
40.22907268170426
40.08345864661654
40.023308270676694
39.85914786967419
39.87568922305764
39.96992481203007
40.19498746867168
40.12280701754386
40.08872180451128
40.181203007518796
39.96616541353384
39.85814536340852
39.893233082706764
39.899749373433586
39.95213032581454
40.10200501253133
40.04711779448621
39.943609022556394
40.16040100250627
40.12756892230576
40.045112781954884
39.797243107769425
39.992731829573934
40.062155388471176
40.24636591478697
39.87218045112782
39.96015037593985
39.72857142857143
40.08897243107769
39.74260651629073
39.91503759398496
40.25438596491228
39.771929824561404
40.0077694235589
40.1719298245614
40.150375939849624
40.543358395989976
39.90651629072682
40.108521303258144
40.026315789473685
39.81528822055138
39.93859649122807
40.286466165413536
40.05814536340852
39.93458646616541
39.91904761904762
39.984962406015036
39.85388471177945
39.945864661654134
39.86140350877193
39.59874686716792
40.14185463659148
40.07017543859649
40.09899749373434
40.0859649122807
40.07794486215539
39.86766917293233
39.82832080200501
40.06190476190476
40.04235588972431
40.070676691729325
39.85112781954887
39.844110275689225
39.95789473684211
39.92280701754386
40.031829573934836
39.885714285714286
40.164160401002505
40.06666666666667
40.00601503759398
39.82230576441103
39.98671679197995
39.976441102756894
40.09974937343358
39.57117794486216
39.979448621553885
40.006766917293234
40.191478696741854
40.07719298245614
40.04661654135338
40.43408521303258
39.72305764411028
40.158395989974935
40.03258145363409
39.99047619047619
40.07493734335839
39.7
40.00802005012531
39.77794486215539
39.96340852130326
40.03107769423559
39.96265664160401
39.68546365914787
40.004010025062655
40.00952380952381
39.74912280701754
40.15739348370927
39.84786967418546
39.943358395989975
39.973934837092735
39.9937343358396
39.99874686716792
40.070426065162906
40.363408521303256
39.932581453634086
40.2
39.99147869674186
39.87268170426065
39.53308270676692
40.12355889724311
40.01954887218045
40.17719298245614
39.83709273182957
40.22631578947368
40.25413533834586
39.75438596491228
39.90300751879699
39.90601503759399
39.96140350877193
40.260902255639095
39.73684210526316
39.89824561403509
39.898997493734335
40.07994987468672
39.83609022556391
39.82105263157895
40.01378446115288
39.73007518796992
40.07994987468672
39.98295739348371
40.18721804511278
40.07994987468672
40.05563909774436
39.78621553884712
39.9609022556391
40.09724310776942
39.72380952380952
40.004260651629075
39.98847117794486
39.83934837092732
40.134335839599
39.834335839599
39.95213032581454
39.84360902255639
40.13233082706767
40.054135338345866
39.97844611528822
39.64360902255639
39.7265664160401
40.153383458646616
39.9781954887218
40.2483709273183
39.93333333333333
39.94962406015038
39.88546365914787
40.06265664160401
40.1125313283208
39.75187969924812
39.9218045112782
39.83859649122807
39.915538847117794
39.80651629072682
39.61203007518797
40.05714285714286
40.01203007518797
39.987719298245615
39.98070175438596
40.08822055137845
40.03533834586466
39.97769423558897
39.799498746867165
40.256140350877196
40.08646616541353
40.13984962406015
39.88922305764411
40.03984962406015
40.22706766917293
39.976190476190474
39.99749373433584
39.697744360902256
39.93157894736842
40.00200501253133
40.02681704260652
40.03934837092732
39.89824561403509
39.85513784461153
40.145363408521305
39.86992481203008
40.213533834586464
39.945864661654134
40.23132832080201
40.109273182957395
40.0062656641604
40.07017543859649
39.689473684210526
40.09724310776942
40.31553884711779
40.137092731829576
39.954636591478696
39.85087719298246
40.05839598997494
39.93558897243108
39.97142857142857
39.703508771929826
39.74411027568922
39.97719298245614
39.738847117794485
40.30751879699248
40.122305764411024
40.08045112781955
40.07769423558897
39.77468671679198
40.357644110275686
40.05438596491228
40.12155388471178
39.924561403508775
39.98947368421052
40.175187969924814
39.82005012531328
39.88320802005013
40.036842105263155
39.973934837092735
40.053884711779446
39.89498746867168
40.057393483709276
39.95338345864662
40.02857142857143
39.857393483709274
39.97794486215539
39.94285714285714
39.80100250626566
40.03884711779449
40.181453634085216
39.89122807017544
39.810776942355886
39.92606516290727
40.03809523809524
39.66842105263158
40.03157894736842
39.88671679197995
40.0641604010025
40.18822055137844
39.98646616541353
39.998496240601504
40.16641604010025
40.004010025062655
40.13182957393484
40.134586466165416
40.05488721804511
40.04761904761905
40.032080200501255
40.17894736842105
40.095989974937346
39.757894736842104
40.00225563909775
39.788721804511276
39.88070175438597
39.877443609022556
39.91152882205514
40.18796992481203
39.95012531328321
39.749624060150374
40.02706766917293
39.72932330827068
39.72130325814536
40.05488721804511
39.918045112781954
39.90426065162907
40.11854636591479
40.007268170426066
40.10827067669173
39.99248120300752
40.10275689223057
40.05037593984962
39.86015037593985
40.22280701754386
40.39624060150376
39.88195488721804
40.23458646616541
39.85438596491228
40.098245614035086
40.01629072681704
39.64411027568922
40.13233082706767
39.76541353383459
39.756140350877196
40.14436090225564
40.26065162907268
39.96065162907268
40.05614035087719
40.111528822055135
40.16616541353383
40.27218045112782
40.03533834586466
40.27619047619048
39.832581453634084
40.266165413533834
40.15764411027569
39.910526315789475
40.22531328320802
40.32406015037594
39.913032581453635
40.03107769423559
40.23734335839599
40.020802005012534
39.77844611528822
39.95839598997494
39.99122807017544
40.172681704260654
40.142857142857146
40.00576441102757
39.90526315789474
40.04711779448621
39.95112781954887
40.25488721804511
39.99423558897243
39.83859649122807
39.89598997493734
40.09398496240601
39.985213032581456
39.8734335839599
39.95639097744361
39.603258145363405
39.749624060150374
40.134335839599
39.77619047619048
39.91654135338346
40.04160401002506
40.07593984962406
39.772431077694236
39.871177944862154
40.04761904761905
40.04135338345865
40.17042606516291
39.79774436090226
40.06541353383459
39.681453634085216
40.04636591478697
40.18020050125313
40.12531328320802
40.00551378446115
40.09874686716792
40.241353383458645
40.02406015037594
40.20125313283208
39.882456140350875
39.871929824561406
40.371929824561406
40.368671679197995
40.15989974937343
39.734335839599
40.27543859649123
40.228320802005015
40.029573934837096
39.97543859649123
40.08521303258146
39.97218045112782
39.855388471177946
39.78395989974938
39.95889724310777
39.9125313283208
40.20701754385965
39.838345864661655
40.25112781954887
39.75363408521303
39.96967418546366
39.76065162907268
39.93659147869674
39.83684210526316
40.12456140350877
39.9265664160401
40.2812030075188
39.80075187969925
39.96741854636591
39.60952380952381
40.009774436090225
39.96065162907268
40.08922305764411
40.03809523809524
39.89022556390977
40.2187969924812
40.07017543859649
39.96666666666667
40.21328320802005
40.053383458646614
39.96065162907268
40.244360902255636
39.915789473684214
40.219298245614034
39.981954887218045
40.03082706766917
40.042606516290725
39.70125313283208
39.97468671679198
39.899749373433586
39.95288220551379
39.846365914786965
39.957393483709275
39.80902255639098
40.150375939849624
40.08295739348371
39.89874686716792
40.222305764411026
40.07593984962406
40.195238095238096
40.109022556390975
40.12731829573935
40.288220551378444
40.19348370927318
39.99448621553885
39.876691729323305
39.93383458646616
40.327568922305765
39.95037593984962
40.0937343358396
39.7015037593985
39.87869674185464
39.8125313283208
40.04110275689223
39.973684210526315
40.12380952380953
40.00075187969925
39.84285714285714
39.96666666666667
39.803007518796996
39.96390977443609
40.08471177944862
39.77719298245614
39.76165413533835
40.0328320802005
40.00050125313283
40.14035087719298
39.77468671679198
39.93709273182957
40.00877192982456
39.71002506265664
40.114786967418546
40.13533834586466
39.9203007518797
40.173182957393486
39.94110275689223
40.18220551378446
40.41152882205514
40.30175438596491
40.05288220551378
40.064912280701755
40.18997493734336
39.986967418546364
39.998245614035085
39.76466165413534
40.106516290726816
40.377694235588976
39.85338345864662
39.824310776942355
40.19849624060151
40.26215538847118
39.91177944862155
39.865413533834584
40.037092731829574
39.98070175438596
39.819047619047616
40.1624060150376
40.00350877192982
40.27117794486215
39.79774436090226
39.86190476190476
40.08521303258146
39.918546365914786
39.81203007518797
40.0719298245614
39.97243107769424
39.85012531328321
40.158646616541354
39.998496240601504
39.873684210526314
39.90426065162907
40.04736842105263
40.04761904761905
40.03107769423559
40.13508771929825
39.960401002506266
40.21478696741855
39.871428571428574
39.818796992481204
40.081453634085214
39.96892230576441
39.97418546365915
39.81503759398496
40.29924812030075
40.44486215538847
39.63333333333333
39.830325814536344
39.97543859649123
39.93934837092732
40.05614035087719
40.037844611528826
39.876942355889724
39.79899749373433
40.08496240601504
40.08320802005012
40.318546365914784
40.136842105263156
40.02706766917293
40.10526315789474
39.90025062656642
40.13032581453634
40.00025062656642
40.04461152882205
39.705513784461154
40.27017543859649
40.014786967418544
39.877443609022556
39.68045112781955
40.07092731829574
39.69824561403509
39.860651629072684
39.88395989974937
39.85889724310777
39.902255639097746
39.84335839598997
40.031328320802004
40.29197994987469
40.0250626566416
40.16315789473684
39.95639097744361
39.98671679197995
39.98621553884712
40.20200501253133
39.84736842105263
39.9922305764411
39.91177944862155
40.17293233082707
40.0
39.88796992481203
40.10802005012531
40.02756892230576
39.79298245614035
40.017794486215536
40.34285714285714
40.026315789473685
39.89624060150376
40.14887218045113
40.27568922305765
40.05864661654135
40.028822055137844
40.08345864661654
39.940100250626564
39.69649122807017
40.20827067669173
39.95789473684211
40.11779448621554
39.99974937343358
40.36967418546366
40.0781954887218
40.018045112781955
39.736340852130326
39.68045112781955
40.1110275689223
39.97568922305764
40.11854636591479
39.98395989974937
40.045864661654136
40.09724310776942
39.97794486215539
40.30977443609022
40.10200501253133
40.05488721804511
39.8734335839599
39.9781954887218
39.788721804511276
39.92155388471178
39.923809523809524
40.04611528822055
39.96967418546366
40.10802005012531
39.780451127819546
40.13182957393484
39.88421052631579
40.01854636591479
39.819047619047616
39.631077694235586
39.863408521303256
39.9218045112782
40.05714285714286
40.06290726817043
39.78972431077694
40.061654135338344
39.87894736842105
39.78771929824561
40.01052631578948
40.11904761904762
40.05137844611529
39.99498746867168
40.00250626566416
40.20325814536341
39.86992481203008
40.15162907268171
40.09348370927318
39.84035087719298
40.02982456140351
39.85263157894737
39.907518796992484
40.35288220551379
40.09724310776942
40.340852130325814
39.85062656641604
40.108521303258144
40.03358395989975
39.85338345864662
40.19323308270677
39.86766917293233
39.82957393483709
40.197243107769424
40.150125313283205
39.9453634085213
40.26065162907268
40.089473684210525
39.96416040100251
39.95588972431078
40.183709273182956
39.85187969924812
40.001503759398496
39.99248120300752
40.040100250626566
39.6859649122807
39.794736842105266
40.16766917293233
40.009774436090225
40.026315789473685
39.802756892230576
39.96967418546366
40.21528822055138
39.97719298245614
40.0641604010025
40.04160401002506
39.83684210526316
39.742105263157896
40.29047619047619
39.95538847117795
39.95563909774436
40.05714285714286
40.009774436090225
39.72355889724311
39.968671679197996
40.103258145363405
39.88471177944862
40.13358395989975
40.24912280701754
40.145363408521305
40.299498746867165
39.92781954887218
39.85639097744361
39.904761904761905
40.11052631578947
40.084461152882206
40.299498746867165
39.90025062656642
40.029573934837096
40.053634085213034
40.0874686716792
39.97719298245614
39.877443609022556
39.87794486215539
39.968671679197996
40.17669172932331
39.804761904761904
40.07669172932331
39.940350877192984
40.28972431077694
39.83734335839599
40.22431077694235
40.0781954887218
39.797243107769425
39.9609022556391
39.89273182957393
39.83533834586466
40.16591478696742
40.06967418546366
39.95037593984962
40.056390977443606
40.04736842105263
39.944110275689226
40.053383458646614
39.90325814536341
